3492.32
2651.76
3492.32
2358.25
6303.48
3589.35
3286.57
5727.24
13047.7
5338.14
1874.01
2410.37
5813.59
4865.41
2997.63
3346.7
6844.91
2852.98
487.364
7492.15
1180.54
2461.9
15086.6
9110.95
2160.71
26557.8
40704
1265.98
6123.29
279.485
5854.42
1325.17
1835.48
22457.2
1567.97
9635.17
4051.25
2520.97
872.852
2236.9
393.18
4168.36
1490.98
509.851
839.553
470.285
596.618
36640.1
8334.57
15211
7165.65
1198.7
1456.67
9866.01
1062.2
3629.84
5246.61
5186.85
1666.01
7652.94
1881.34
19279.4
2830.64
10956.6
9779.69
2377.25
4247.32
2464.92
2302.17
10973.9
1854.89
3256.48
2249.95
6130.89
7879.48
11748.3
5111.17
25962.3
729.424
2024.11
10715.8
3043.79
2153.05
15466.1
623.92
1218.79
11559.1
22081.7
826.347
7453.04
2069.99
2783.78
13804.5
27540.2
9041.62
2268.93
15963.7
1694.81
3712.47
2055.39
1060.67
1750.87
2147.12
2718.98
590.084
3148.88
1982.16
5024.53
1318.62
1869.75
3160.29
5053.81
4711.67
1290.87
5680.62
8839.75
1411.62
9158.32
7255.5
10413.3
1670.96
385.094
1519.9
7689.18
15451.9
3186.31
6613.94
18170.6
5557.65
1471.98
8964.88
1450.12
3422.04
1055.05
7329.7
9136.44
957.189
823.463
376.107
458.719
14706.8
6136.09
35694.1
23527.6
787.707
6871.09
3726.76
6416.03
4952.74
3613.17
1247.79
11282.8
5058.37
1908.52
6225.49
3611.62
4013.62
387.875
15478.7
3799.62
784.903
6581.87
1460.78
1518.87
16971.5
5000.31
2869.47
3545.74
7037.76
1171.78
8509.03
926.009
6719.13
7097.87
15798.1
13458.6
816.913
3692.7
3356.95
4035.88
7870.44
1910.64
300.25
3964.16
1468.65
1207.31
848.101
4141.33
7510.58
15711.6
4622.87
1852.99
6889.56
5949.85
5037.66
15231.3
15946.9
1777.91
3487.39
4280.62
3221.8
2856.26
936.746
1707.34
1709.05
2675.6
503.452
664.177
18129.6
20489.6
8425.98
345.498
9558.72
4115.86
11168.7
9267.3
2780.2
36941.3
75894.8
26135.2
27685.5
18978.3
1473.65
18556
66459
14493.8
4453.36
118462
36099.3
507.776
21469.4
10477
24724.6
5359.44
42326.1
4693.44
18053
83394.7
48053.6
3244.25
1308.18
385.264
2016.31
10332.7
2939.02
2133.72
3918.2
1054.73
5685.38
505.58
27214
30049
11631.9
7546.6
12086.6
29638.3
1934.42
15846.8
4942.98
11599.1
22265.5
2213.78
2043.56
4374.74
4861.29
7583.2
599.755
1058.01
32091.2
12536
1575.08
1785.67
3154.86
20456.6
4548.42
4679.97
6836.24
2911.06
3296.53
2723.47
15405.9
10585.1
23263.5
706.818
3116.15
2932.28
5058.88
1259.37
6946.72
6876.62
3581.99
1001.48
13117.2
805.097
3969.67
3831.47
1633.26
5351.46
9917.98
2726.02
396.764
2341.46
1239.04
11962.3
21186.7
22683.3
52515.2
1388.91
1136.56
4862.99
8508.77
341.009
3872.76
1622.62
1535.64
30753.1
5200.8
4825.48
471.032
3906.7
586.515
4539.82
6975.89
1011.18
3137.2
20639.1
6856.97
1381.51
6185.38
8885.7
7440.86
42757.4
1853.99
27206.9
7991.27
1049.19
2421.8
11727.5
17844
1850.14
14405.1
7541.95
572.74
5206.99
8493.58
5257.08
10864
57707.3
12052.2
13451.9
2918.67
5413.61
11410.2
11324.9
1458.05
2582.18
82925.6
1273.33
7341.95
4270.23
83339.9
3918.39
4858.91
7224.17
4156.5
4942.56
1243.42
13096.1
1628.48
10030.9
6516.21
10014.7
1273.68
1562.64
3276.76
68651.5
15648.5
17397.1
1950.32
550.285
10949
13617.7
507.897
772.152
1317.08
10953
8404.2
8099.2
5795.88
3872.86
2585.22
1397.49
1412.28
5281.65
13511.4
7005.12
40644.4
6121.7
9669.03
10036.3
7113.91
5813.27
3774.61
8763.64
1295.46
3000.02
11457.2
24103.3
11641.1
15678.7
21601.3
2560.62
18468
1648.07
9221.89
19314.6
40235.8
5205.64
494.429
789.122
7678.59
9896.17
32991.1
2770.92
7670.72
32154.3
14932.2
33767.2
1589.66
3759.9
5608.15
86732.7
9684.35
36987.2
436.124
26947.4
8102.08
17693.1
21527.9
9013.58
61323.8
27793.1
1584.93
11884.4
6854.38
6562.47
8968.18
3670.99
7877.27
10435.5
2878.67
685.204
278.195
2026.09
12337.4
1517.41
1480.32
2732.06
10006.1
4006.46
2035.35
549.38
5503.26
764.847
9241.14
934.06
10975.6
2684.42
5023.66
16009.2
1474.79
15166.9
3922.17
6386.3
19532.5
1303.2
716.118
10203.9
19599.9
11708.3
9853.79
5056.41
782.594
6691.64
11029.2
9243.26
866.881
2108.86
3512.32
2572.56
5580.89
1737.52
2031.49
8468.24
7194.96
5136.56
2687.5
3005.39
417.255
417.255
