-89.9854
-97.7289
-46.3822
3044.53
3049.44
-79.6675
3066.34
-91.6658
3058.06
-81.8737
3053.25
3058.52
3046.02
-73.5512
-69.6474
3058.66
-85.7779
-74.7288
-6.48203
-63.5287
3050.61
3052.2
3068.64
-95.1068
3045.02
3058.47
-94.0311
-86.7015
3067.35
3074.84
-82.4236
-78.7596
-33.4736
3057.94
-92.9976
3049.54
-60.5578
-56.355
3071.05
3059.2
-87.4783
3052.75
3050.14
-100.433
-97.5271
-79.6584
3044.32
-86.2809
3045.13
-84.1598
3046.42
-79.0481
3046.58
-83.5237
-91.0841
-10.8709
-84.0539
3041.31
3042.51
3048.11
-43.0859
3053.72
3053.26
-94.0703
-16.8613
-19.4281
6.42832
0.194261
-100.52
3.39081
4.73488
4.47001
6.67532
76.4429
3.6692
3.96506
-1.54373
6.97336
3.5531
-13.8804
5.35256
-92.8079
-2.65338
4.00275
-27.6604
-25.1784
4.95951
4.63968
-72.8472
2.93258
-74.3189
1.59175
-70.1267
3.92357
4.44308
71.7245
3.47646
-9.64965
4.90888
2933.49
2.92891
2.41056
78.3318
2.80424
-53.7907
-55.4518
6.09162
0.383729
2.74352
6.23565
-0.00293161
-82.5217
0.72793
-18.7525
2.42177
0.443813
1.99592
-18.6738
2.8084
-42.8602
2.86208
-20.5797
-71.2324
4.90571
4.48594
-92.6496
0.701353
4.64304
-70.1497
1.54909
1.81735
-30.6745
3.44859
2.44232
-24.38
4.04821
-13.037
0.0782774
5.92071
2.05514
3.33469
2.97606
-27.9003
-102.066
2.49366
0.516096
2.40717
1.2828
-107.122
0.807286
-104.725
-70.4002
3.92019
5.40083
1.62315
0.694248
2.55389
1.86087
3.00119
1.36409
3.0774
3.99216
3.39632
3.26655
3.88143
3.54767
-6.7507
1.09612
3.24736
4.44264
3.14037
-64.4877
0.2325
1.29416
4.93277
-52.1925
1.93294
3.2871
5.92266
2.63659
2.86977
4.07658
0.511271
5.74577
-57.4255
-1.24374
3.79235
-0.0772356
-11.3962
-110.986
1.27815
2.79026
-1.82607
-0.65856
-1.12077
2.82232
-0.26757
1.35382
1.98888
-6.78046
-65.0445
2693.4
0.522566
-0.818266
0.82772
-22.2894
-65.3388
-0.635239
-0.339128
-22.6644
-32.5253
0.869861
-34.4401
-85.1941
-32.2615
7.5702
76.0464
2.78873
3.87192
0.858377
1.22791
2.29482
2.15705
1.41407
2.34479
2.01766
-101.19
-1.38017
3.413
1.69449
3.38108
1.572
2.93675
-106.561
0.978451
2.76862
4.53093
2.81867
-1.06708
0.751886
2.56677
0.734429
-0.0328728
3.06167
-0.736275
-0.897168
0.0369072
3.72168
-0.974983
-0.26326
-6.02761
1.97853
2.39422
5.65579
2.94741
-65.2436
0.688904
2.46238
-0.533861
1.86457
1.27789
-0.748738
2.83815
1.4433
0.91736
-0.749755
1.16453
1.09158
1.86685
4.39674
-0.402358
2.41627
-0.212043
-29.8851
0.484633
6.98017
-30.2932
0.859946
-102.369
1.012
0.826678
3.14104
0.778115
1.01973
-19.9504
2.8556
1.45716
1.03502
0.393484
5.23066
5.69839
-18.9922
3.39362
1.58426
-19.0264
2.25686
0.857445
-18.0683
2.96023
-22.1862
4.25492
2.99806
2.71208
2.40611
0.869828
1.37775
1.43434
-0.429005
1.81826
-0.165126
0.826022
2.73245
-1.6693
1.3771
0.14327
5.41917
1.80378
-1.1701
0.423679
0.285616
1.59659
3.13726
0.267542
1.29285
2448.8
2.2077
-1.12877
0.299645
1.59245
0.985783
0.400537
-105.553
-108.865
38.8983
-1.47245
0.488207
0.220119
2451.43
-0.487798
-9.13515
0.403036
-29.792
1.25531
0.022465
1.45891
-1.63511
-31.5255
-0.0375371
0.56504
-0.149055
2458.31
1.93423
3.03262
0.796686
1.64715
2.03621
-38.6474
3.60945
4.27484
-0.331377
55.2962
1.10821
-14.1346
-0.0708842
-23.8188
4.77995
2.20176
-1.26232
0.106659
-2.16579
-0.458974
0.500089
3.31493
-1.24575
2.67257
-0.208688
2448.92
0.319289
2446.32
-1.47471
0.0046257
0.616653
-71.2322
0.67251
-0.619392
-0.0222143
-0.339925
0.119833
-0.0378915
2.06387
2.18848
3.10294
3.93396
0.123531
-106.454
-1.38356
-106.534
2.05302
2.34575
1.87888
7.2423
3.21716
1.12871
-102.199
4.06204
2333.91
4.83054
0.712989
0.708781
1.29017
2.79835
4.44363
1.09644
-0.450819
2334.78
-0.414283
1.78868
2.24861
-0.28028
1.91862
0.920852
-0.645909
5.28877
5.4414
2.02856
4.10521
2.26626
-21.1868
1.75857
-2.04596
0.634946
-0.135326
-0.840965
-16.2193
-96.4635
5.66551
-0.778365
2329.45
7.05375
87.7436
-1.4347
0.164722
-0.192805
-0.275567
0.633329
-10.9025
-0.328329
1.76471
-1.7365
0.309065
-2.62783
-1.74256
2.62996
-1.49095
0.926908
5.73828
1.34007
-28.6766
2.18439
0.700838
0.938801
-0.706195
-23.5642
2.62425
-0.243331
-1.79491
-26.3547
0.898414
0.587005
1.33115
-0.643917
-0.576518
2.17874
1.75853
2.72682
1.06371
2.36222
3.06359
-1.86404
-0.479664
6.82467
2.71224
2.28517
1.10889
0.609438
2.24337
-0.553978
0.994184
2.35776
1.74224
1.42907
1.58121
1.20147
-0.155858
0.0373062
2.44837
6.27466
2.16457
0.897607
-0.343242
0.394808
-1.52636
3.97063
0.661896
-0.220391
1.03509
1.8378
2.11026
-0.345921
8.58889
5.72963
-0.214239
-0.668045
0.177528
1.33181
-0.269178
-1.39029
2093.69
1.33567
-71.8499
1.29896
-0.896904
2091.66
1.5467
2.61398
-0.359199
2.28603
-0.150808
1.13349
-0.69381
0.945678
-11.4743
5.45146
-97.6549
1.2575
-21.8938
0.16315
2.70052
-0.249075
-0.790811
2.63378
2.08936
-23.6697
1.64371
0.589644
-1.43351
1.68586
0.677989
-105.672
1.81404
0.594547
-0.472513
0.650165
0.449885
1.48054
-109.65
-12.8571
-2.044
-1.04148
0.213667
-0.793597
-1.04494
0.764859
0.662421
1.36205
1.73079
0.315461
-10.7618
2.26784
-0.285558
2.95077
-11.9715
1.31368
-0.61436
-0.520154
-0.346665
1.447
-1.60957
-1.86073
1.41247
0.946494
-0.177239
-0.256154
0.430568
1.63481
0.0904455
1.8899
0.0470181
1.23342
2.8189
1.94032
-20.2856
-0.790066
-0.478364
1.35604
-34.4587
2.70093
-0.907638
-0.259902
0.462981
2.27401
0.395113
2.41619
5.59043
1.62268
1975.61
0.411293
0.0124021
1.1933
0.779546
-0.341654
-0.628773
1.46555
-0.772016
1.91232
0.0407452
-1.64907
-0.293062
-107.472
-2.54977
1970.65
-0.260469
1.2035
2.06803
1971.87
0.878493
-11.9556
1.65321
1973.64
0.633497
3.85166
-0.151918
0.29708
0.341522
1971.67
2.47485
1.06636
0.453791
0.783148
2.27295
1.25307
-0.639421
0.767172
0.145832
-0.923656
-0.486247
-0.382042
0.955393
0.153357
-1.32022
-13.7656
-11.8154
-20.1849
1852.24
-12.3868
0.178568
1852.32
0.206379
-1.68383
-1.47524
-1.3856
1852.42
-75.2232
1.66509
1854.11
1.11903
1.67072
6.05321
1.42308
-0.278793
1.1717
-0.142271
-2.3245
-0.272288
1854.51
-12.1005
-0.537349
-13.7777
-2.22147
1858.56
1855.17
-0.698894
3.34567
-19.9813
1852.73
1852.17
0.231364
4.2004
-0.185131
-11.6275
2.41987
-0.0645525
1.37105
-99.8632
0.540009
-0.570205
-0.200026
-1.03309
0.0999457
-1.71121
-0.171356
23.2519
-1.61383
0.197604
0.303485
-0.778214
1733.1
-1.24565
-0.0534034
-1.44002
0.0871455
-0.20213
1735.02
1.22939
0.835414
-0.280688
0.777436
0.603006
1735.25
-12.0026
-13.0129
-13.3278
0.230682
-0.252685
-7.38994
-0.198179
8.42495
-11.5915
1734.09
0.610669
1.93615
-1.47576
-11.781
-93.0495
0.0904902
-14.3544
1736.85
1736.16
2.20227
0.45325
0.892616
-1.37988
-15.295
0.213585
-13.8799
-1.50681
0.166978
0.886035
-0.456391
0.577538
-1.1891
-13.6547
0.763645
-0.455345
1733.8
0.454997
0.540351
-0.400248
-13.5624
-0.433034
-11.9814
-0.816551
29.5181
1732.34
1.08611
1732.02
1730.77
0.0231942
0.685739
1.28098
7.9667
0.339587
-0.367585
-0.777066
-0.203264
40.6043
-1.29452
-2.37112
0.489986
-12.7636
1613.68
-12.457
-0.692146
-1.05547
-0.229033
84.1464
0.16529
-9.01702
0.257085
-0.237046
1614.46
3.86277
-0.651767
-0.930091
-5.92187
-0.0555694
-0.104943
-0.192668
-0.561043
-0.226659
-1.13995
-0.869156
-11.4917
46.1141
0.0943297
1616.7
-0.431928
0.0615105
-0.311531
5.14228
0.753436
1.3932
-0.335873
1614.26
-15.5196
1613.85
8.05334
0.454182
1615.18
-0.476514
-1.77785
1614.71
1615.04
-1.00375
-10.7348
7.85903
-1.45763
1612.53
1612.25
1610.87
-0.871698
-0.316568
-0.642061
-12.2149
79.7695
1494.2
-0.274104
-1.33545
-11.4056
-18.3981
5.56049
-11.9723
7.98963
-11.3202
1497.44
0.019453
-1.19923
-0.384369
-0.289048
-13.2263
-13.2106
-0.401248
-12.7829
-2.46213
-0.76569
-0.354956
-0.797106
-1.6557
-0.325917
1496.03
1495.93
-0.276931
1498.29
-1.67691
1496.39
-1.16417
0.789658
-1.41332
-0.934144
-0.684809
-79.8114
78.5014
-1.07837
1495.41
-12.5502
-1.09465
-1.19157
11.328
-61.9358
0.106104
5.79617
1495.48
1494.98
1.01493
-0.783025
1.16015
0.491533
0.767239
4.10516
0.628143
-1.23806
0.261069
-0.0821536
-1.74641
-0.344778
0.106343
6.63963
-7.90688
-0.186856
-1.45103
0.400284
-2.12974
1374.29
-0.547542
-11.3303
0.235625
1377.15
-0.834452
-0.927634
-0.14715
1376.09
-0.283368
-0.208977
1375.88
-17.2828
-12.3532
-11.7065
-0.83807
-13.8109
1377.75
5.74929
-1.33892
1377.56
-1.70877
-12.4
-12.4901
-1.42601
-1.76366
-0.649133
-1.25098
1379.17
-1.22207
-0.306665
-1.09014
0.874974
-0.235738
-1.11369
-0.647179
-1.67729
-1.77631
-12.07
-11.3251
1375.87
-0.706814
-12.0373
-1.56265
-13.4641
0.522322
-0.837016
1378.84
0.664406
-1.29602
7.7352
0.00109505
1.17178
-0.502487
-0.474738
0.537429
-0.20482
1371.47
1255
-0.898098
-1.61634
-12.1872
-11.6581
-1.76247
-0.306518
-10.9103
-0.537688
-0.68695
-10.6677
-1.01461
-12.5504
7.23191
-0.118085
-10.3762
1256.91
-11.8631
-1.09742
-0.549744
1257.36
-2.15116
1259.24
-1.26275
-0.979768
-12.2546
-0.115783
-1.43814
-98.9989
-13.6241
-0.329231
-0.234777
-12.1409
-11.5895
-5.40184
-17.5579
-0.606454
-0.782231
-0.30062
-0.63365
1259.51
-0.0756573
-0.361582
1257.88
-12.7038
-1.30513
-10.3405
-17.3162
-1.044
-0.0936252
-0.0491831
-32.3867
6.39829
1256.7
-1.61168
-12.1144
-10.827
-0.154482
-12.8742
-11.1214
-12.2071
-12.6772
1254.58
-1.00395
0.202715
-1.03831
-10.4548
-1.38601
-0.23153
-7.14726
-1.68346
0.158937
-0.0280558
-9.77688
-12.2342
-4.31945
-1.54302
7.93117
1136.92
-1.35183
-0.964979
-1.81214
-1.36586
-0.985068
-12.3236
-13.0871
-1.12718
-13.0664
-0.811016
-2.12609
1136.33
-9.40754
0.578921
-0.759369
-1.91369
-57.4069
-12.1833
4.12463
-0.55768
-1.44865
-0.697081
-1.74344
-11.7965
-0.501607
7.13046
-0.523224
-6.24219
8.23005
-10.7386
-1.44414
1018
1018.83
-99.7443
-0.89172
-0.713916
0.394824
-11.8675
-10.6029
-0.279977
-0.925695
-11.009
-12.1212
1.7713
-0.130726
-0.511939
-1.81377
-1.34421
-0.909112
0.0661456
-1.09361
0.445514
-1.25825
899.638
-0.654685
-0.396936
900.536
-1.20317
-0.895017
0.697424
-0.895347
-0.548048
-35.9213
4.25452
-0.0959522
-0.903059
-1.90478
-0.801896
-4.09148
0.305094
901.982
-12.0017
-0.559545
-0.87852
-10.6432
-0.180427
-12.5561
-11.1733
-8.58767
-0.982217
-1.71626
-0.83275
780.181
781.339
-0.665884
-1.24973
-1.16396
-0.170747
-0.640283
-1.00506
781.963
-0.502545
0.161901
-0.982025
-0.296302
-0.516463
-1.0594
-1.17705
-0.882231
-11.5228
0.0183058
-0.565446
781.959
782.865
-0.92183
-0.802331
0.530534
-1.14439
-0.158257
0.364525
-12.2959
776.912
-0.638044
-0.395835
-9.80755
661.747
-12.1522
-11.9686
661.695
-0.925056
-0.536996
661.704
-1.07132
-1.13123
-0.876578
-1.56328
-9.33187
-0.202593
-1.1456
-0.310244
-0.260094
-0.329633
35.3501
-14.6061
-12.2054
661.894
661.585
0.116271
659.891
-1.18439
-1.41063
658.65
656.905
-0.931028
-0.385951
-17.7992
-1.12835
-0.869363
-0.406759
-14.7533
543.058
3.61432
-0.627506
-1.42417
-0.627326
-0.633064
3.56489
-11.5759
-0.893564
542.681
-1.28256
-1.0245
9.16566
3.83113
-0.744937
-0.321765
0.304896
543.237
-1.49163
-0.212415
-0.981018
-0.38765
-1.19326
4.83858
-1.02881
-8.4852
-1.79127
-1.88903
-1.77644
-11.851
-1.45899
-1.61871
-1.60006
-1.90505
-1.92929
-0.792265
-0.951128
-11.8231
-0.453884
-1.41278
-0.842979
-12.0458
-9.63365
-2.08968
-13.6976
-0.395719
-1.56135
-1.56104
-1.33317
423.89
424.53
-1.29123
-2.17749
-1.12894
-1.74021
-9.34768
-1.08512
-1.61656
-1.17572
-1.56106
-1.11832
-2.05814
-1.24799
-0.705755
-15.2374
-11.8241
3.28374
-1.62746
306.104
-11.6924
-1.41191
-1.17006
-1.3812
-1.13238
-10.4304
-1.87919
-1.52798
-12.0132
-0.93221
-10.9432
-12.2717
-10.2287
304.933
4.24411
-0.725527
-0.409141
-9.71893
-9.29823
-1.08572
-2.51739
-10.0394
-2.54422
-1.24759
187.463
-1.70126
-2.35135
-1.09048
-2.49456
-1.61148
-2.09117
-2.37684
-8.32785
-1.59655
185.204
185.005
185.242
0.478958
187.634
-1.80243
-2.16701
2.67848
185.972
-1.97745
-1.95868
-11.5305
-8.97516
-1.43482
-10.093
-1.26989
-8.96518
182.243
-1.08034
-1.46099
71.4757
-0.545909
72.5914
0.313344
-0.731243
-1.97498
-0.528693
0.389341
90.5761
70.5294
-4.44027
69.5909
-0.706918
-0.911745
-0.858536
59.4415
-0.344789
69.8871
-1.97302
68.7254
-0.220587
-0.987664
-18.4406
-0.995688
0.607542
-1.15977
-9.23408
-0.113748
-10.0934
-11.5931
-0.21229
65.5453
-0.517299
0.0886835
0.958844
90.9358
-1.04818
-51.2265
-1.18367
-0.737047
-1.27666
0.208781
-52.1646
-51.9504
-0.450626
-1.3531
-53.2683
83.3262
-51.3895
-51.6396
-1.3641
-0.335611
-1.18841
89.5113
0.00768091
-51.7523
-5.92164
0.595585
-1.23655
0.702835
1.52551
0.992289
-53.9967
0.579924
83.5653
0.40805
0.267271
0.537328
0.724844
0.498968
-12.2811
0.329223
-0.00555643
-26.3475
0.212183
-0.588634
-0.353827
-14.9187
-0.285717
-169.668
-167.641
-0.675158
-167.413
-0.14526
-166.742
-0.22197
-0.124204
0.322348
-0.23013
0.0522967
-168.719
4.43603
0.598805
0.208458
0.45095
1.18635
0.737237
0.781746
0.418676
-0.212314
-0.0469323
1.24351
-0.530312
-0.249936
-0.247355
0.210668
-0.797435
-0.153474
2.61403
-0.767203
-11.0873
-0.467456
76.0003
-0.305488
-0.241536
0.73257
-0.0497837
0.000603744
0.246669
-0.0720518
4.5582
0.355341
-0.342073
0.0198699
-0.0320905
0.326754
0.75789
-290.491
0.352342
0.496556
0.578196
0.85495
-0.0669978
-0.108893
-0.0789365
2.55175
3.92974
0.201037
-0.868599
3.49999
0.0469185
-0.306576
-406.057
-0.843402
-0.220284
-0.565752
-0.194403
-0.0102684
-0.370466
-9.92626
-0.0900363
0.396559
0.743917
1.9142
-0.705727
-0.0174377
0.636526
-408.344
-7.68406
0.043224
0.506646
0.567797
0.746065
0.252555
0.378899
-0.0268241
-0.227992
-0.323324
-0.789392
0.222963
-9.51755
0.293225
0.0716787
-0.580035
-1.52372
-1.71971
-0.631483
-0.00251708
-0.671179
0.13908
-0.525241
0.377559
0.191352
-0.0353844
0.843322
4.87911
1.165
1.10675
0.760606
0.796632
0.690754
30.9541
0.487667
0.885309
1.23097
0.180837
-640.066
1.24908
4.29687
0.391577
-0.312356
0.0481747
-0.137955
-15.6277
0.257639
-8.96397
-0.312497
0.667015
-0.676532
-0.244991
-0.22913
-0.73354
-0.0499439
-11.8405
0.70399
0.146368
0.959738
0.0696119
0.354369
0.699258
1.24228
0.73216
0.97139
1.1617
0.745478
0.845292
-0.215367
0.360609
1.25918
0.272848
-0.112292
0.209839
0.220253
0.427554
0.310289
0.194729
-0.899129
-0.0444051
-0.197792
-0.00235926
-0.729985
0.644117
-0.275024
-0.438106
-0.0145607
0.34696
0.461647
1.7047
1.21144
-14.3786
-763.254
-764.358
0.502336
0.725523
0.818
0.813002
0.594586
1.14489
-0.488507
0.620387
0.846989
-11.3151
0.849743
0.411305
0.338492
0.503341
0.325473
0.213727
0.539839
0.315449
-0.12518
-0.298462
0.150042
0.54955
1.18375
0.851013
-0.427697
-0.0478511
1.59375
1.43579
1.10724
0.468588
1.25922
0.595629
1.08828
0.724121
-0.184831
7.81128
0.562239
1.61037
-0.227392
1.06377
0.599153
0.0742492
-85.0736
0.108457
-0.762814
7.04337
0.797909
-1.03151
0.529424
-0.182048
-0.231775
0.299216
-0.707039
0.532315
0.47973
0.820509
-998.356
0.555924
0.500365
0.975704
0.151607
5.09663
1.68054
0.96144
0.866729
-0.816989
-13.8093
-17.5447
1.05758
1.01294
1.1518
-1114.3
1.07641
0.49476
1.94529
-14.6113
-0.850769
1.5341
2.37349
1.57713
0.484684
6.36676
-12.4912
0.904647
0.0818673
0.0840356
0.15609
0.994151
0.823428
2.12185
2.03019
1.6339
2.70297
0.717935
1.19064
1.85769
2.70382
0.189196
1.51773
-0.75715
-0.404537
1.2272
1.4542
88.8228
1.98742
-0.944618
0.571451
-1234.58
-0.412735
-0.337186
-1237.96
-0.536539
0.327921
0.932707
2.30932
0.594067
1.43984
0.556052
0.0693199
0.204511
0.424173
1.44612
0.535387
1.06841
0.712727
-0.31301
-0.177358
-0.0651841
-0.487701
0.852222
-1239.33
1.0872
-0.952189
1.52728
0.0448478
0.869036
0.569018
0.710581
-1238.25
0.179906
0.516114
-0.53046
0.856743
0.275781
-0.612098
53.4053
1.32264
0.477214
-1234.81
0.294825
-26.0928
0.937482
2.18019
1.38715
0.623604
0.0685057
0.916628
1.23636
-0.141211
0.406591
2.6451
0.603763
-0.948398
0.808623
-0.718919
1.44204
0.0869141
2.16079
0.716008
-72.6642
0.163496
1.28477
0.218942
-0.0208305
-0.22746
-0.110691
2.27481
-0.471611
0.845067
0.509612
1.52129
1.63306
3.72722
-0.104027
-1.10022
1.07367
0.0806257
-1.08021
-0.64485
0.656341
-12.6703
-0.0926687
0.567278
-0.417894
1.32962
-11.3142
-0.728002
0.131711
-21.9217
-0.511445
-0.573785
6.54684
0.795366
0.5922
-1.08712
0.134114
-1356.13
-0.501687
-0.581106
-1.1123
-0.31685
0.570677
-0.519679
0.235313
1.39741
0.97843
2.06432
-1.02811
0.754559
-0.125458
0.747415
0.588833
0.485307
1.11659
0.0938744
-0.44686
-0.058873
-13.5457
0.204513
0.866796
3.39693
0.600255
1.44163
1.2502
-0.515349
0.0527008
-1.29881
1.40108
-0.21001
7.35905
3.82674
1.18418
1.16957
1.86422
1.7813
2.32962
3.84844
-1473.95
0.77661
-1472.48
1.80069
-0.447006
25.0988
0.485935
-1474.29
0.900739
0.459414
-0.210978
3.6251
0.17786
1.89487
-1.62159
1.77386
90.1395
-72.0845
1.95377
0.245846
2.02742
-1474.94
0.315338
1.13042
-1.5049
1.7856
-13.2126
-1472.92
1.0887
0.657406
2.48773
0.519023
0.607648
-0.937045
0.220463
0.64549
2.23684
0.660109
7.01149
-12.7141
-0.103189
0.397685
0.546439
-0.579937
0.123427
0.421109
1.47721
-22.4749
5.44383
0.549559
1.29154
-1590.99
0.251706
0.422277
0.0481308
0.57105
1.45233
2.73826
1.05364
2.12602
0.261374
0.444488
1.00885
13.8581
-0.568022
-0.925429
3.91661
-27.3064
2.4411
0.723342
0.538608
1.14443
-1.95
1.45736
0.106978
-1594.02
-11.7182
1.04815
-1.09002
-0.181798
0.0222664
-12.6603
-1592.46
-1595.16
0.14996
-1594.66
-1594.18
0.854689
-1.24638
1.83634
-6.31171
0.176966
1.78693
0.00760244
0.30995
-0.270277
2.14228
-1589.98
2.75633
-0.327208
-1591.12
1.82803
1.09175
-13.4621
0.550829
-1593.78
-0.329837
-1593.29
-0.000561559
-1.73591
2.11825
0.980457
2.83901
0.330283
-22.9053
1.50654
0.519977
4.74719
2.34281
0.415498
-1.3892
-21.9923
11.5636
-0.609954
-1.5018
2.65558
1.62359
0.872525
1.01674
2.29098
0.427778
0.336613
85.6292
3.88533
0.787775
2.13934
0.311045
-12.7964
0.778642
-11.3358
0.824877
2.50061
-1713.56
0.334175
0.591342
-1712.44
-1.61098
-0.101646
0.880364
0.711699
-1711.03
0.602916
0.435037
-0.600971
0.720731
0.301198
0.845245
0.536438
6.25373
0.939968
1.91729
-1711.45
1.56718
0.730712
2.49975
7.60182
32.7394
0.693186
-12.2966
0.685577
0.687375
1.05352
-1.05033
1.19885
1.05154
-12.5322
1.62961
-1.3263
-1830.85
-2.24103
-1.29232
1.17367
-1831.25
1.42517
0.897043
-0.165557
4.36975
81.4002
2.02005
-0.191971
-0.399243
-1830.52
-0.0522275
-19.8173
-1.49729
-18.2557
1.6403
0.827905
2.55734
0.265476
-12.6993
0.0884832
-0.121725
2.28489
-0.557222
-1.04601
-1826.47
0.990286
2.02803
2.48343
-1830.54
0.320517
-1833.44
-1832
-12.6862
-0.671719
-0.8128
-1.22098
-1829.52
3.82993
2.16474
1.21761
0.924321
0.782405
2.10096
1.43764
2.44665
3.83999
-0.618276
-0.852266
2.97245
-1.42377
-1830.8
2.69715
0.682061
-0.884476
-21.1461
-1.85689
-1.51818
2.3296
0.098345
-0.900889
-25.1484
-1946.8
3.056
3.84047
1.93339
-0.139983
-1949.07
2.11078
3.12848
-0.0425951
-26.6628
3.13908
0.64341
0.278948
-0.408109
-0.485085
0.662008
-1948.81
1.46517
-13.907
0.333909
-0.304758
2.32475
-0.344293
-14.0526
-1951.01
-2.50207
-15.1992
2.91016
1.13926
-29.8426
3.96834
-13.2654
-1951.96
-1949.78
-0.242714
-1.65467
-1949.5
-36.0335
0.648212
0.0344038
0.324776
3.87802
1.47214
2.79247
3.47759
0.831705
-0.0859573
3.49973
-0.58669
0.111533
-0.808481
2.27738
5.05338
4.60379
-0.913804
1.05042
-0.626695
-9.22353
1.50387
2.15936
0.923274
-1.74402
-2067.87
-0.222944
-3.25005
-0.579165
0.891613
3.38329
3.74732
-0.143872
-2068.34
-6.4618
4.98009
-0.874277
-2067.41
-0.594591
0.892643
-0.973527
-2066.06
-27.2558
-1.19168
3.81247
-0.577647
-27.7441
-2069.27
-13.9428
-1.44758
2.25571
-0.972634
-2068.33
-2069.09
-2069.27
-86.6895
-2067.05
0.925894
2.31894
-2070.53
-2069.17
1.1325
-0.815552
-0.310828
-0.143612
-14.0995
4.5081
3.75009
1.42646
-0.285881
2.84119
-24.9718
4.18623
1.13197
1.36526
0.0401694
-13.8761
3.53387
0.0340251
2.85937
-2069.51
1.73909
0.229999
1.25619
1.36092
76.895
2.88687
3.92096
0.341132
-19.2757
1.72374
3.44804
-89.8609
-2.12871
-2.39057
0.945095
1.85966
2.01469
0.432147
-2.13807
-0.890538
2.75928
0.0385589
-18.294
-1.43231
-1.60809
3.45797
3.29516
-1.10542
2.82161
-2185.71
-0.816124
0.0125302
3.68397
3.28461
-2187.38
-0.202527
-2188.2
2.20362
-2.99758
-13.2467
0.937462
3.35237
-2189.47
-11.9239
-13.9255
-0.579619
-13.8793
-0.688654
-100.755
5.47381
1.7503
2.6818
1.99428
0.98128
0.781003
-24.6717
1.00616
-12.4108
0.438301
-0.0287862
1.95771
-1.82248
-12.5262
2.63155
-13.7592
-1.06033
0.890593
0.0209873
-71.7834
2.66979
-2.06857
4.16059
-0.0672062
5.10436
-0.943574
3.16984
2.52935
-2303.28
-31.9476
1.98307
2.67593
-10.7214
-17.121
0.039421
-19.4603
-37.88
-19.9618
0.280637
-98.3026
0.976859
2.80877
2.42538
-2304.66
-20.3023
-8.42816
-2302.79
-0.175712
2.95062
0.539291
0.623245
4.73883
-2304.66
-1.70149
2.1579
-2306.02
46.5674
-2305.22
7.64603
0.340201
-25.0234
-1.06634
-27.569
4.72033
0.739276
79.3129
-2.54193
0.60905
-2301.68
2.01034
-100.214
-34.6811
-1.45073
2.08531
0.48511
3.48305
-0.161119
4.5017
-2301.31
1.20444
3.63691
1.40398
-2.35154
-1.05804
-1.68931
2.11037
3.52126
-0.135705
0.50464
0.452326
2.67382
1.52065
-12.2019
0.857633
2.64691
0.572778
-1.92059
-22.9559
-25.4269
1.72161
-15.491
1.18855
-99.3046
1.4225
1.4138
1.21017
0.952388
-25.3784
0.417034
-23.8937
-0.703477
-0.35766
-2.74752
-35.2181
-1.13735
-14.0985
3.91441
0.384187
-0.101192
-0.188549
1.12149
1.28826
-2426.98
-2.83212
-2.515
2.16494
-2.36525
-0.589519
2.33885
-20.7565
-13.7627
-1.24872
1.95731
0.910085
-2.27161
-0.7133
-2425.95
1.0369
-26.6427
87.0376
-1.7238
-0.460914
-0.886893
1.68736
0.896759
-0.65538
-3.35302
3.213
-11.9407
84.3843
4.01418
-6.76507
-1.36144
-2538.68
-0.320176
3.07863
4.80174
-0.325515
-0.775959
1.46921
0.617422
-24.931
-30.814
2.5154
0.348776
2.86297
2.56932
2.4886
-20.3841
0.55598
-0.97602
-27.0402
-2542.5
-15.44
-0.944049
-0.379565
1.78726
2.04076
4.68595
-29.205
-5.29774
-1.60683
1.36894
0.451149
-10.5215
3.84901
1.29272
-0.118219
-13.3353
-0.147911
-9.93948
0.671509
2.1927
2.71187
-1.05237
-0.100108
1.0274
1.6419
-3.12999
4.33525
3.00621
-2540.6
1.07624
-2.04482
-2542.43
0.697979
-0.914832
2.41496
0.209412
-13.5799
2.70749
-25.472
-1.53291
3.71674
-22.6124
-100.799
-2.49635
-77.3967
0.587238
16.0256
-20.442
3.66858
-39.2217
3.9693
-21.0737
-77.5506
1.30866
-33.1426
0.867903
0.734851
-11.6471
0.937038
-57.7442
-35.7697
-30.5025
-0.42274
-2.22813
1.15084
-2661
0.637435
-2.01602
-23.9883
-1.38028
-76.2185
0.745358
1.29078
-13.5878
2.27241
0.341152
-1.58698
2.27393
42.7179
1.67866
-0.256112
1.32867
-3.87761
-26.7921
-34.4704
3.25413
-0.0826621
-32.7782
1.436
-20.5815
-23.055
93.7009
-1.64054
-0.729162
-72.8387
2.73749
6.32351
1.7654
-2.32691
-19.1812
2.78145
2.78388
1.81642
-1.04776
-5.39961
-1.737
1.28434
-0.258001
-0.0129232
0.891772
-1.40675
-99.3188
-28.0252
-27.099
-0.116643
0.622884
-98.7912
-2.53224
4.76733
-100.896
4.09854
-1.97146
3.52577
3.1414
-24.6163
0.167295
-1.3717
-3.12899
0.46892
-57.9835
-3.47691
-3.2003
3.06223
0.878811
-3.12036
-4.66821
1.05726
1.42031
1.07835
0.280636
0.0777605
-4.10157
-0.666899
-2.1851
-1.95575
-93.7302
0.786863
1.33218
-1.17261
0.17268
-0.898459
-0.231226
1.44518
-38.3392
-29.8939
-3.63755
-1.71771
-4.0636
0.535412
-2779.24
-99.6618
-2.26945
-20.9351
-1.0108
-2779.18
-1.0855
-63.1424
-6.6734
-91.6068
-16.1562
-12.3073
-22.4916
-63.3557
-4.56678
-96.8208
-26.0293
-93.4101
-23.57
-38.8397
-23.1077
1.74635
1.02404
2.48849
0.358251
-33.4466
-82.3571
2.2964
-80.3775
-1.55329
1.97223
-3.94102
-2.07612
0.161261
-3.35136
-4.79434
-36.6045
-20.016
2.6021
61.2608
-52.1983
-8.21864
-62.6169
0.0704741
-16.7122
-2.95168
-2.49443
-2.02521
2.09688
-5.11715
-2900.87
-9.71918
-1.138
1.70488
-1.95403
1.02881
-3.85503
-2.46291
-20.0901
-22.6886
-1.78658
2.18138
-101.704
-10.6924
-65.2058
-2899.51
-2896.36
2.50324
-0.539413
0.48925
-0.642007
11.7786
-3014.54
-2.08098
-3.29471
-60.1413
28.3953
-79.3227
7.36493
2.09884
-5.43144
-76.5325
-4.00753
-0.934397
26.5968
-3.71589
-3.2212
-40.0869
-67.6478
-95.2445
-59.6737
5.8607
5.82798
-99.4196
-18.9137
-28.6321
25.4206
4.32168
-70.447
-3.29786
-61.8368
-68.1416
6.82011
-56.7214
18.7921
-2.77309
-2.16274
-1.45872
-23.344
-4.6989
-11.2662
1.45161
1.10221
0.6703
0.0686539
-8.01327
1.54125
-15.459
-3.13775
0.506977
15.782
1.74602
-0.203453
-4.54787
-4.05047
-2.13489
14.1704
-1.85805
1.47972
1.92985
-2.4211
3.12558
-68.8181
-73.2066
-3020.79
-0.808993
2.33506
0.085579
-0.326087
0.280755
-0.122295
-0.471763
1.22771
0.50619
-0.799295
-0.375474
2.24915
-0.474829
-0.243582
1169.19
-1.0492
-0.210729
-0.334468
1.35249
0.141744
1.50286
0.925858
0.106677
-0.221359
-0.0318365
1.30108
0.531837
-0.456894
-1.05774
1.27827
1.1682
-0.272124
-2.00073
1.41701
-0.0208859
0.23129
0.313727
0.193317
-0.60571
0.241982
-0.0229658
-0.0218334
-1.17724
-0.304456
0.331222
-0.913634
-0.642634
-2.19336
0.575777
0.180624
-0.0831783
0.352344
-0.688662
1.03101
0.627086
0.0616808
-0.336408
-0.615656
-0.214902
-0.834262
0.0457382
1169.2
-0.502285
-0.0843858
0.0397132
-0.209539
-0.0678837
2.23564
-0.296014
-0.664266
-0.270425
-0.207727
-0.20799
-0.0595453
-0.730962
-0.686807
-0.698851
-1.64434
1.71641
0.241735
0.729373
0.358851
0.826447
0.203371
-0.0384693
-0.334103
-0.468581
0.48024
-0.112219
-0.462507
0.0402096
0.124204
0.748373
-1.18048
0.330655
-0.604171
-0.23379
-0.203396
0.0969157
0.0711877
-1.5659
-0.670298
-0.590813
0.122112
-1.46129
0.560619
-1.75123
-0.0822481
0.107079
-0.484867
-0.685764
-0.189781
0.858888
0.608481
-1.2108
0.274108
0.101834
-1.36306
0.0731261
-0.83896
-0.120899
1109.51
0.148597
2.24439
0.668499
0.149232
1108.65
-0.660932
-1.02742
1048.59
0.136341
-0.175429
-0.882978
-0.317315
-0.00862228
-0.24797
-0.89959
0.659642
0.00467668
-0.0221341
-1.24254
-0.129253
-0.584374
-1.03156
-0.138045
-0.217794
1.34679
1.01012
-0.828907
0.174477
-1.7516
0.00596267
-0.767646
0.561988
-0.822037
-0.08145
0.188806
-0.0800158
-0.216987
-1.49787
-0.6898
-0.943958
0.727285
0.332785
-1.51008
-0.347001
0.684787
-0.831491
-0.692216
0.276868
-0.0767387
0.372579
-13.9832
-0.380259
-0.809886
-1.42589
-0.822409
-0.673834
-0.142463
-0.562131
0.00215815
-0.577664
-0.952009
-0.727035
-0.306236
-0.0841742
-0.924217
-1.52174
-0.74294
0.526074
0.467304
1.94125
-0.973993
0.760405
-0.490313
-0.323039
-0.0547984
0.0874506
0.542211
-0.719616
-0.0692789
-0.220215
990.18
0.596569
-0.789944
-0.517033
-0.839566
1.22924
0.0817519
-0.736666
-0.312786
-0.741334
-1.65511
-0.622601
-0.0196187
0.130015
-0.282043
0.286801
-0.106521
-0.15437
-0.224653
-0.132239
-1.33663
-0.484084
-0.668749
0.900769
0.0732889
0.319146
-1.30371
0.0460453
-1.16688
-0.24244
993.625
42.5625
-0.335963
0.84667
-0.62248
0.329004
0.0916575
-0.256837
-0.146585
-1.6388
0.0193988
-0.933536
-1.1337
0.405246
0.881503
-0.570269
0.216939
-0.450482
-0.712057
0.324812
-0.0186948
-0.750166
0.0287213
-0.404469
930.663
1.39252
-0.0551804
-1.2449
-1.18005
-0.232238
-0.840718
-0.172336
44.2242
0.541002
0.101335
-0.0189559
0.566731
0.479498
-0.00979108
-0.11342
-17.7618
-0.0276032
-0.111085
-10.3327
-0.641469
0.199448
-0.382707
-1.08232
-0.746446
0.187699
-0.0901402
0.332335
-0.403419
-0.71168
40.0117
-0.582179
-0.771602
-0.45362
0.594646
-0.870196
-17.21
-0.721121
-1.21887
-1.03927
-1.04009
-3.42424
-0.196685
-0.336433
-0.827802
-0.509606
-0.964147
-0.309596
-1.13517
-0.0766667
50.2892
-0.3225
-0.421101
-0.599928
-0.0693925
-0.230719
-0.457486
-0.590137
-0.961433
0.412823
-0.0578445
-0.352069
-0.460708
930.732
-0.715523
0.0604686
0.0186047
-0.902406
-0.684431
0.125008
-0.0598912
-0.817565
-1.1601
-0.168093
-0.143792
0.055441
44.593
-1.2117
-0.954449
-0.810234
-0.801622
-0.427758
-0.742237
-0.421825
-1.05172
-0.523274
-0.0436877
-1.31254
-1.03566
-0.82547
-0.207371
-0.966895
0.466723
-0.463412
-0.578592
-0.866873
-0.79759
-0.132569
-0.403817
-1.30426
-0.936252
-0.865641
-1.05945
-0.546381
-0.329228
-0.629605
-0.358536
-0.414207
-0.58949
-1.41407
-1.06442
-0.263812
-0.660301
-0.668646
-0.554518
-0.97459
-0.131333
-1.3183
-0.268965
45.6089
871.328
-1.15093
-1.0439
-1.05262
-0.849196
0.0312035
-0.371351
-1.12956
-5.08112
-0.276258
-0.839111
-0.180076
-45.7808
-0.787567
-0.344475
-0.0193272
-0.159829
-1.01262
1.80665
-0.126605
-0.567687
-0.737633
-0.397685
-0.129177
-0.213218
-0.101196
0.0190349
0.204557
-0.00944695
-1.06154
-1.05831
0.271863
-0.710973
50.4808
0.350606
-0.254014
-0.310706
0.129324
-0.381721
-0.66822
-0.456627
-0.864164
0.0259972
0.132554
-0.177721
0.0227284
0.555199
-0.656465
-0.0557578
-0.308294
-0.128815
0.152821
814.237
-0.25532
0.460823
-0.140087
0.396237
-0.363908
-1.03965
-0.331008
0.178762
-1.07952
-0.355925
-0.124353
0.393025
-1.05658
-0.443175
0.122557
-0.268225
-0.207181
-0.00900891
-1.05699
-0.167138
0.350947
0.0418228
0.485139
-0.279343
-0.272253
-0.818527
-0.256202
-1.38236
0.15716
-0.792854
-0.302793
-0.831646
-22.9253
-0.270078
-0.193908
-1.33767
0.218122
-0.722039
-0.454684
-0.652739
-0.874088
-0.0133305
-0.376163
-1.05655
-0.00699782
0.0415294
-0.133348
-0.280963
0.060443
-0.0608056
-0.0810287
-0.524057
0.576681
-0.790572
0.215982
-0.529731
-0.218044
-1.54438
-0.840423
-0.718385
-0.0980361
-0.572843
-0.32378
-0.226705
0.208976
0.491554
-0.337305
-0.788545
-0.769369
-0.0618333
-0.00869862
-0.850099
0.01689
-8.19707
0.189687
0.415556
-0.362239
0.255778
0.547854
-0.984821
0.0750352
-0.354077
0.0827753
-0.229809
-0.391074
-0.610557
-0.167445
0.359065
-0.141782
0.54157
0.124808
-0.534193
-0.850222
-0.370371
-0.43949
-0.471769
0.113488
-0.931907
-0.883474
-0.286623
-0.818242
-0.325108
-0.47632
-0.172087
-0.596949
-0.303563
-0.484149
-0.96118
-0.548091
692.75
-0.119863
-0.28122
0.0712867
-0.804604
-0.0602759
-0.188338
-0.29041
-0.0747402
0.0398344
-0.822199
-0.385823
-0.161201
-0.557791
-0.654415
-0.876021
-0.776034
-0.64585
-1.15795
-0.376814
-0.446119
632.674
20.1735
-0.987457
-0.451507
-0.239299
-0.368193
-0.919799
-0.451966
-0.430151
-0.698482
-1.11675
0.331683
-0.25467
-0.529691
-0.803394
-0.0395554
0.0758738
-0.778732
-0.279654
-0.511382
-0.480266
-35.2656
-0.640172
-0.00933674
-0.0171963
0.820548
0.151484
-0.0230344
-0.809299
-0.351891
-0.163021
-0.310108
-0.474737
-0.540144
-0.821543
-0.65162
-0.762625
-0.336621
-0.784382
-0.337261
-0.0806601
-0.168671
0.208804
-0.192229
-0.231903
0.11518
-0.637972
-0.213623
-0.956925
-0.457479
-0.557405
-1.08443
-0.912854
-0.492149
-0.841516
513.656
-0.903899
-0.53651
-0.493366
-0.783701
-0.931676
-0.366781
-0.5315
-0.592065
-0.989457
-0.905793
-0.371464
-0.232338
-6.36588
-0.446882
-1.0141
-0.401583
-0.704977
-0.995017
-0.650969
-0.50598
-0.931019
-0.369306
-33.7905
-0.341578
-0.290874
-0.270516
-0.56534
-0.41345
-0.669687
-0.385752
-0.504136
-0.673984
-0.498878
-0.41746
-0.826679
-0.714029
-0.544281
-0.134837
-0.822086
33.9787
-1.4766
-0.881295
-0.954186
-0.897026
-0.685436
-0.753129
-0.917322
-0.101464
-0.7731
-0.466153
-0.689901
-0.779977
-0.404036
-0.835994
-0.692545
0.0983073
-0.562546
-0.365862
-0.903896
-0.952409
-0.558354
-0.774888
-0.284667
-0.119039
-0.414539
-0.250778
-0.340337
-13.7054
-0.449254
-0.452391
-1.05548
-0.888895
-0.675182
395.941
44.0494
-0.963233
-0.811206
-0.423012
-0.825587
-0.284222
-0.565642
-0.636095
-0.602983
-0.999376
0.0708763
-0.87245
-0.873232
395.866
-0.721587
-0.721718
-0.77013
-0.265735
-0.490104
-0.255665
-0.0906426
-0.849683
-0.677038
-0.577152
-0.579538
-0.389746
-0.551718
-0.484975
-0.818517
-0.652835
42.9161
-0.696947
-0.599367
-0.888941
-1.00134
-0.644704
-0.616872
-0.471858
-0.376812
-0.442322
41.1502
-0.147745
-1.00922
-0.642304
-0.568305
-0.248605
-0.476713
-40.3433
-4.34577
-0.924469
-0.99622
277.276
-0.0397594
-0.925565
-0.701994
-1.19143
-0.318461
-1.07977
-0.680161
-0.427463
-0.875619
-1.22224
-1.32247
-1.46102
-1.44249
-1.23157
-0.547283
-0.912736
-1.21027
-0.93263
-1.07911
-25.3205
-1.35095
-1.42388
-1.32989
-1.33908
-0.851028
-0.814177
-1.13927
-0.77818
-0.670566
-0.657574
-0.606814
-0.648632
-0.909632
-0.705067
-1.16882
-0.789125
-0.91995
-0.595285
-0.998357
-1.34649
216.139
-1.18911
-3.87617
-4.51705
-1.48855
-5.51843
-1.4712
-1.07041
-0.987202
37.3435
-1.35322
-0.923586
-1.09203
-1.06384
-0.662452
-1.03429
-1.13993
-0.9925
-1.46823
-0.771161
-0.746208
-0.682555
-0.691125
-0.852287
-1.11812
-0.938816
-0.634524
-1.06784
-0.93689
-0.861799
-19.1669
-0.980541
-1.19988
-1.39259
42.0039
-1.01528
-1.57754
-1.97639
-7.92025
-1.068
-0.868765
-1.09703
-1.05994
-1.47969
-1.21742
-0.539685
-0.493881
-0.356549
-0.426568
-1.15146
-0.920069
-0.661035
-1.41902
-0.905731
-1.26339
-0.849042
-10.4921
-0.966009
-0.412541
-0.839015
-1.02222
-0.88809
-0.764927
-1.10278
-0.993163
-1.62369
-1.46776
-1.65425
-1.79797
-1.22172
-1.13587
-0.808107
-0.0886276
-0.898218
-0.238593
-0.373272
-1.14925
-0.469871
-0.560792
-0.467818
-0.503536
-1.32472
-0.816234
0.175612
-0.379464
-0.598801
-0.477803
-0.707728
-0.146463
-1.30903
-3.36309
38.9055
-0.778296
-17.2244
38.0598
-0.676695
-1.42454
-0.809103
-1.49493
-1.66885
-0.825975
-0.941856
-1.2828
-0.898427
-0.8453
-0.900662
-0.775873
-0.470296
0.0953925
-1.16831
-0.848985
-0.72878
-0.614254
-0.391091
-0.525846
-1.02368
-0.723192
-0.956424
-0.546012
0.164509
-0.490777
-0.426178
-0.69579
-0.333494
-21.5067
-1.115
-0.762309
-1.6082
-2.05371
-1.35405
-1.15753
-1.27812
-1.43758
-1.5154
-0.924982
-0.415095
-1.25882
-0.890351
-19.6933
-0.594256
-0.609521
-0.82238
-1.8452
-0.456087
-0.788321
-0.40731
-0.206821
-0.355216
-0.386546
-0.611813
-0.370172
-0.331671
-0.651311
-0.471165
-1.09131
-0.81497
-1.04957
-1.02449
-1.06076
-1.11996
-1.08538
-0.916501
16.3573
-1.01368
-1.42518
-1.56438
-1.23392
-1.0523
-0.912456
-0.800817
-1.2009
-0.574402
-1.02565
-0.362567
-0.567556
-0.136182
-0.23514
0.352473
-0.183466
-0.416803
-0.536445
-0.487887
-0.690485
-0.308826
-0.598691
-0.413339
-0.474711
-0.498379
-0.922807
-0.362822
-0.322342
-0.681787
-0.766681
-1.27131
-1.54196
-1.62701
-1.48832
-18.9426
-0.330021
-0.608642
-0.52777
-0.911054
-0.934334
-0.410455
-0.254977
-0.00126698
-0.093192
-0.908716
-0.115857
-0.378051
-0.315961
-0.189863
-0.177677
-0.0567048
-0.0289108
-0.546456
0.0998435
-0.157296
-0.623108
-0.367843
-0.667929
-0.50661
-0.446322
-0.637816
-0.0541468
-1.13913
-0.912192
44.4937
-1.12243
-0.757687
-0.553346
-0.872823
-0.56963
-0.861908
-0.848444
-0.571681
-0.678082
-0.306664
-0.0948351
44.6372
0.250802
-0.0728337
-0.0150123
0.0847842
0.294694
0.536688
-0.291201
0.0225202
-0.0281971
0.0391003
-0.0505242
0.0879953
-0.124013
0.0748709
-0.32701
0.0720591
-0.713222
-0.304128
-0.038602
-0.236209
-0.0755142
-0.422359
-0.332335
-0.507534
0.0622613
0.00829872
-0.272885
0.029293
0.0506132
0.242187
-0.167213
0.454547
-0.0696568
-0.0837404
0.0982689
-0.08632
0.098065
0.342944
0.651127
0.023459
0.0731953
0.279754
0.411998
0.116888
0.119845
0.365935
-0.0468237
-0.445699
-0.469658
-0.284843
-318.858
-0.235055
1.63034
-0.530615
-0.436939
0.391759
-0.178096
0.0648665
0.187351
-0.0513345
-0.18964
0.0122839
0.18323
0.609026
0.165825
-0.06521
0.0406422
0.419872
-0.0475156
0.2213
-0.116302
-0.4696
0.185198
0.175494
-0.233036
-0.304329
-0.330212
0.0661247
-0.224138
-0.480755
-0.0553205
-0.837141
-0.834815
36.0522
-0.49869
0.234747
-0.85786
-0.499531
0.0391111
0.0395134
0.22867
-0.365663
-0.239277
0.0939249
-0.114156
-0.101159
-0.0243549
-0.188158
0.0524843
-1.28335
-0.205435
-0.043702
0.300269
0.166495
-0.156393
0.0344217
-0.27763
-0.0110924
-0.155155
0.144604
-0.241163
-0.432065
-0.567867
-0.586125
0.257371
-0.365382
-0.646482
-0.356193
0.470636
-0.672969
-0.458587
-0.770867
-0.125317
-0.453238
-0.910789
-0.614418
-0.975657
-0.259046
-0.763687
-0.214586
1.35838
-0.283858
-0.126876
-0.502492
0.307102
0.281242
-0.227299
-0.139593
-0.479301
-0.367879
-0.352358
-0.291279
-0.37852
0.0235438
-0.505252
-0.067555
-0.220035
-0.399584
0.0361006
-0.710317
-0.585846
-0.739108
-0.522463
-0.0702283
-0.0966515
-0.191747
-0.274538
-0.611262
-0.242803
0.103418
-0.341537
-0.122243
0.59954
0.293424
-0.357794
0.129422
-0.480832
-0.0552862
-0.85148
-554.484
-0.278071
-0.194327
0.188029
-0.0590527
-0.0648123
-0.359245
-0.302676
-0.18617
-0.671686
-0.612137
-0.729503
-0.365521
0.162756
0.0510826
-0.716047
0.153275
-0.314824
-0.423284
0.26368
0.329018
-0.344601
0.296844
-0.28765
-0.0685906
-0.215426
-0.236508
0.067947
0.504154
-0.380178
-0.4641
0.302602
0.175841
-0.349466
-0.239732
-0.0843461
-0.0206587
-0.20029
-614.005
0.085157
-0.0100909
-0.453811
-0.167679
-0.288319
-0.523385
-0.849411
-44.7219
-0.151019
-0.659035
-0.451055
-0.380936
-0.530337
-0.074309
-0.120066
-0.00785801
-0.351693
0.309594
-0.43455
0.482304
0.587717
0.272592
-0.221514
0.0855063
-0.555001
-0.0965008
-0.551703
-0.000119743
0.0320265
0.116097
0.426902
0.304017
0.112532
-0.0252746
-0.0626795
0.552958
0.346593
0.181408
0.198581
-0.385777
0.566358
0.665518
-0.248145
0.941703
0.0871265
0.306252
0.0368988
0.19406
0.488527
0.094743
0.533203
0.0652281
0.315993
-0.263154
-0.511009
-0.0770296
-0.453409
0.689675
0.623543
-0.028522
0.22094
-0.235645
-7.35061
0.238748
-0.411839
-0.559701
-734.726
-0.714633
-0.0584837
-0.0299906
0.39707
-0.213626
-0.0311756
-4.49317
-0.457
-0.000740263
0.0553446
0.244662
-0.407185
-0.644231
-0.379562
-0.564677
-0.323331
0.442922
-0.0113152
0.404496
-0.63398
0.0056418
-0.473588
-1.3653
-0.167456
0.256052
0.46505
0.0969832
0.00706426
-0.494659
-0.234034
-0.0766891
-0.361547
-0.687623
0.0877464
0.127583
-0.00419656
0.116997
0.265792
0.367774
-0.0690522
-0.506629
-0.585833
-0.190834
0.590219
0.469503
0.0344731
0.167919
0.279677
0.260226
0.295989
0.456595
0.06206
0.0502918
0.223968
0.0931736
0.507938
0.320995
0.661379
0.313759
0.00335037
-0.0481579
0.0430329
-0.227355
-0.0369445
0.949069
-0.525954
-0.648773
-0.581165
-0.460214
0.0184815
0.446197
-0.973389
1.17916
-0.149645
-793.206
-0.199059
-0.101582
-0.481233
-0.43987
-0.233742
-0.627559
-0.318712
-0.347775
0.20817
0.0690503
-0.205011
0.23581
-0.326083
-0.483778
-0.468895
-0.401371
-1.00364
0.0131589
-0.0688955
0.417889
0.257523
-49.3432
-0.325347
0.652121
0.440195
-0.554279
0.0241695
1.08317
0.956008
0.02226
0.0784575
0.457137
-0.0358897
0.0946652
0.934433
1.15134
1.64291
0.0422517
-1.10209
-0.471894
-0.495476
0.233662
0.0328124
1.00052
-0.192285
0.475742
-0.336005
-0.724385
0.0998875
0.34711
-0.214046
0.201586
0.429312
-0.332849
1.18571
0.0849256
-0.33319
0.579333
0.147869
0.399306
-0.197235
0.944445
0.228153
0.513891
-0.788754
-0.293269
0.753784
0.643843
-0.233073
-852.524
0.122121
0.335768
-0.827473
-0.994447
-0.123418
-0.161651
-0.543295
-0.410923
-0.492335
0.210557
-0.429009
0.742797
0.134977
-0.0935786
-0.809765
-0.402174
-0.252548
-0.123125
-0.29369
0.229829
-0.282846
-0.0445759
0.09009
-0.193953
-0.212971
0.065709
-0.220852
0.491432
0.37794
0.247219
0.719356
0.371902
-0.320906
-0.833527
0.024183
-0.567774
-0.629081
-910.859
0.491358
0.34035
0.174181
-0.500212
-0.155134
0.80342
-0.104091
1.11797
-0.0385792
0.567341
0.609748
0.638855
0.0258462
1.73054
0.157255
0.666274
0.127524
0.301352
-0.670908
-0.0985501
0.0893869
0.688832
0.960158
-0.148761
-0.668771
-0.475454
-0.342615
0.249636
0.153238
-0.110818
-0.0620271
0.272666
0.439695
-0.637955
0.0808378
-0.384547
0.813691
0.398152
0.485247
-0.104997
-0.645216
-0.281364
-0.34823
0.345227
-0.171971
-0.235893
-0.308032
0.208696
0.267697
-0.272537
0.278401
-0.0190711
-0.138021
-0.0441526
-0.147994
-0.278538
-0.248491
0.449246
-0.537941
-0.485708
-0.628154
-1.23264
-0.0713179
0.0336601
-0.178792
1.50156
-0.179744
0.16102
0.282253
0.345582
0.952861
-1.15294
0.023955
-0.191987
-0.436775
-0.0405894
0.350471
0.514343
0.662884
0.247307
1.82755
-0.139232
-1.34102
-0.592159
-0.312386
0.642071
0.688797
0.0767588
-1.42217
-1.48135
-0.048866
0.537908
-0.139753
0.145218
0.234352
0.0295413
-0.226651
-0.482498
1.20389
-0.350246
1.07907
-0.912805
44.5797
0.46406
-0.312666
-0.363954
-0.741563
0.060062
0.170338
-0.256831
-0.735077
-0.209922
2.18256
-0.117421
0.268351
0.523286
0.00754152
0.826566
0.774374
0.865818
0.799505
-0.41453
-0.174469
-0.714917
0.0861849
0.199258
-0.453746
1.21213
-0.0791522
0.25476
0.387339
0.203337
0.963358
-0.180208
1.59708
-0.677866
0.104207
-0.457782
1.11595
0.275205
0.277106
0.212519
0.749766
-0.318859
-0.0238833
0.678801
-0.0413079
0.703887
43.9868
-0.391258
1.36504
-0.538972
-0.281302
0.770303
-0.389654
0.592635
-0.0497815
-0.437399
-1.43958
0.417459
-0.225404
-0.195313
-0.189963
1.35709
-9.51958
2.7625
0.188858
0.25129
0.193676
-1.0036
-0.376304
-0.148854
-1.37508
0.843039
-0.030645
-0.459605
0.761703
0.0725718
-0.768412
0.216678
-0.0633846
0.434234
-0.0100596
0.667736
-0.108755
0.315957
0.319552
0.0473616
0.848231
1.08387
0.418068
-0.776208
0.257701
-0.246168
0.937598
-0.454515
1.58844
0.969521
1.95171
1.93963
1.77464
0.327595
0.0794766
0.0415131
0.932721
0.872693
0.784708
0.92784
2.32613
0.114336
0.291836
1.30077
0.256672
1.24196
1.52782
-0.389496
-0.270364
-0.0290418
0.203315
1.57986
0.926575
0.466197
1.19953
0.74644
0.855647
0.313843
-0.358152
-0.285749
0.469012
-0.354822
3.55865
-0.080903
0.126048
1.33224
0.503823
-0.0199361
-0.22291
-0.254092
0.796237
0.38517
0.374063
-0.286768
1.21284
0.904666
0.303513
1.11083
0.382178
-0.40301
0.532662
-0.282125
-0.253751
0.926363
0.286381
-0.467669
0.383826
0.293429
-0.119475
1.09358
0.262176
0.241037
-0.277862
0.330846
-0.365121
0.903643
-1.86465
-0.166682
0.110697
0.331661
1.34041
1.23089
-0.577382
-0.125116
-0.855717
0.168338
-0.537517
0.569362
0.873855
0.0055526
-1.21744
-0.422031
-0.553535
-0.152744
0.17653
-1147.53
3.94952
0.225186
3.66525
0.11812
-0.369313
-0.046241
1.00584
-8.38024
0.50899
0.851603
-0.0269456
0.46411
-0.280981
0.162999
-0.257733
0.245504
-0.844046
1.656
-0.68834
0.174837
-0.445482
0.862955
-0.49343
0.267727
2.31826
0.910628
0.474372
1.04882
0.531176
-0.272931
-0.476472
-0.567162
-0.517715
-0.75549
0.211488
-0.730638
-0.516431
-0.00311854
-0.720684
702.787
-0.810812
-0.366342
-0.101552
-0.643696
0.197855
-30.5831
-0.0359655
-0.423577
-0.780313
-0.242921
-0.394849
0.401238
-0.0699923
-6.76574
0.471344
-0.544145
-0.420375
-0.260795
0.236916
-0.236388
-0.142967
0.593873
-0.997427
-0.353725
-0.615667
-0.395058
-0.547489
-0.772403
-0.0329982
-0.251132
-0.212336
-0.467575
-0.139326
0.191502
-3.96467
-0.189123
0.0570318
0.22601
0.149812
10.3837
-0.155623
662.089
663.047
-0.588815
-0.58157
0.267408
-0.450074
-0.520284
0.00552508
-0.395199
-0.597139
-0.597831
-0.147999
-0.0883951
2.67994
-0.114294
-13.8661
0.167183
-0.0803726
-0.850557
-30.2252
-0.710704
-0.939943
-0.552429
-0.352578
-0.162015
-0.460312
-0.788774
-0.0594781
-0.339298
-0.646289
0.0738002
33.242
-0.857958
-0.379613
-0.607645
-0.278183
-0.262738
23.6423
-0.83416
0.462228
-0.323451
-0.300004
0.475325
-0.218291
-0.688098
-0.365502
-0.902761
0.564279
-0.273426
0.00966302
-0.806965
0.0980016
-0.574961
-0.939397
-0.334337
-0.34422
0.14431
-0.332359
-0.198693
-1.10457
-0.58155
623.73
-0.114802
0.392095
-0.0191767
0.283465
-0.166188
624.144
-0.95393
0.280145
-0.880177
-0.541787
-1.05464
-0.0873464
-0.140767
0.193515
-0.68473
-0.0340124
-0.799814
-0.822241
-0.170314
-0.362866
-0.330748
0.531513
0.041846
0.0863515
-0.504319
0.100505
-0.0739566
0.144462
0.6436
0.607042
-0.264799
-0.350563
-0.29244
0.361866
-25.189
-0.682276
-0.0591135
0.453641
-0.970148
-0.13667
0.0890959
0.0843693
0.551436
-0.0510675
-0.324567
-0.71472
-0.158391
-0.59764
-0.0884915
28.7173
-0.523525
-0.253415
-0.0848184
-0.158626
0.190125
-0.0675155
-0.289664
-0.81244
0.0457479
-0.434676
29.7067
-0.444131
-0.659855
0.748549
0.203464
-0.947118
-1.12646
0.276421
-1.25144
-0.575186
-0.189214
-0.0325663
-0.196439
0.350726
-0.843767
-0.23594
-0.0139603
-0.662532
0.108626
-0.446082
28.8602
25.1294
-0.0910837
-0.398981
-0.193279
-0.233797
-0.113768
0.460594
0.409657
0.246213
0.237559
-0.381887
-0.0893276
0.473477
0.151402
-0.240271
0.312744
28.1905
-0.405427
-0.194691
0.272129
545.511
0.0683273
-0.494167
0.517696
-0.299138
-0.0525132
-0.2782
-0.116376
-0.668318
-0.631525
0.161691
-0.154467
-0.179102
-0.512616
-0.156215
0.0795324
0.00246101
-0.582454
0.19743
0.282147
-0.44139
-0.297228
-0.129158
-0.489166
-0.333196
-0.232139
-0.395098
-0.370645
-0.275141
-0.661977
0.143381
-0.518589
-0.148045
-0.166539
0.0215002
0.0317286
-1.1095
-0.00471534
-0.954076
-0.0358874
-0.510608
-0.600002
-0.322021
-0.613003
-0.885086
-0.897213
-0.591472
-0.141703
-1.02837
-1.22971
-1.0761
-0.881226
-0.536595
-0.754373
-0.691903
-0.256321
-1.2717
-0.67366
-0.162406
0.235813
-0.252901
-0.971588
-0.62334
0.303339
-0.199515
-0.680933
-0.0389435
0.0402921
-0.488429
-0.0204267
-0.0913097
0.205773
-0.904787
-0.62208
-0.423031
-0.760672
-0.26156
-0.439925
-0.262227
-0.240578
-0.573936
-0.99567
-0.734441
-0.489028
-0.606901
-0.319971
-0.482962
0.0255014
-0.0170056
-0.819783
-0.541852
-1.11694
-0.987418
0.159291
-0.35311
-0.503474
-1.10651
-1.04036
-1.02388
-0.288781
-0.428689
-0.248249
-0.813554
-0.846884
-0.630872
-0.453676
-0.771203
-1.10853
-0.214157
-0.592771
-0.45323
-0.608347
-0.878896
-0.412363
-0.514001
-0.805723
-0.379929
-0.780524
-0.267919
-0.620196
0.122189
0.230886
-0.103224
-0.292198
0.0831671
-0.256736
-0.0108451
-0.606814
-0.255467
0.198105
-0.568959
-0.0183292
-0.34496
-0.292605
-0.328448
-0.364649
-0.607929
0.100751
0.160852
-0.541472
-0.462107
-0.401876
-0.567765
-0.334109
-0.729281
-1.17984
-1.32861
-0.385448
-0.307789
-1.15379
-0.408893
-0.89384
-1.20775
-0.354355
-0.496616
-0.686204
-0.255155
-0.85108
-0.298228
-0.23589
0.0318252
0.279762
-0.0294994
-0.405478
0.226037
-0.235775
0.0285538
-0.250666
-0.224654
-0.57371
-0.0848684
-0.373223
-0.767176
-0.623806
-0.498623
-0.819047
-1.42284
31.0646
-0.696806
-0.175137
-0.371591
-0.633236
-1.04556
-0.875394
-0.957579
-0.55046
-0.905379
-0.805957
-0.778948
-1.06879
-0.701081
-1.06344
-1.11427
-0.202926
-1.14042
-1.1491
-0.60832
-1.38175
-0.917233
24.0182
-0.372758
-1.05085
-1.04268
-0.769428
-30.1248
-0.585236
-0.747987
-0.771285
-1.08112
-0.437431
-0.847672
-0.326056
-0.12566
-0.364036
-0.492551
-0.138776
-0.823483
-0.0653688
0.0162599
-0.276431
-0.0975716
0.00255979
-0.0497833
-0.0280308
-0.374786
-0.363489
-0.653642
-0.165669
-0.195988
-0.615496
-1.19586
-0.630354
-0.540256
-0.478727
-0.132586
-0.616863
-1.17049
-0.360033
-0.843269
-1.51019
-0.52562
-0.849086
-1.19179
-1.29795
-1.20606
-0.512038
-0.975243
-0.7187
-0.568586
-0.819005
-0.640916
-0.884266
-0.436526
-0.394612
-0.125803
-0.834021
-0.737607
-0.488255
-0.505089
-0.73005
-0.367834
-0.594184
-0.0773916
-0.217459
0.494092
-0.0771832
-0.35736
-0.307617
-0.365443
-0.511012
-0.918513
-0.322276
-0.597441
-0.0893047
-0.429685
-0.954769
-0.817837
-0.662833
-1.02644
-0.773457
-0.121449
-0.865537
24.1839
28.2491
-0.209781
-0.697663
-1.25071
5.5378
24.9097
-1.05826
-18.3219
-1.45934
-1.81188
-0.974602
-1.0447
-0.856629
-0.598517
-0.750706
-0.265696
-0.70581
-0.681595
-0.405141
-0.941016
0.00587226
-0.125207
-0.110147
-0.409045
-0.399782
-0.586328
-0.0643487
-0.0384775
0.0335075
-0.151891
-0.42572
-0.183968
-0.830633
-0.96542
-0.932688
-0.537666
-0.642128
-0.718322
-0.308669
-0.614025
-1.30233
-1.41531
-0.94491
-0.947785
-0.804784
-1.41403
-30.2388
-17.7611
-1.07469
-29.9435
-26.7289
-0.595205
-0.55848
-0.378114
-0.480446
-1.01474
-12.4618
-0.675992
-0.652891
-0.970518
-0.707257
-0.474812
-1.34078
-1.91249
-1.06109
-1.06974
-1.08095
-1.68699
-0.902146
-0.810645
-0.894819
-0.300453
-0.801531
-1.15976
-0.805699
-0.523952
-0.701284
-0.310088
0.0160886
-0.933171
-0.339586
-0.797046
-0.23126
-0.555822
27.8613
226.067
-0.820127
-0.713641
-1.13634
-1.0288
25.8445
-0.802128
-1.30843
-1.23239
-1.38
226.018
-0.994228
-1.1101
-1.01531
-1.82439
-0.725844
-0.582541
-0.479872
-0.309111
0.185248
-0.615832
-0.355145
-0.313806
-0.191021
-0.304623
-1.10037
-1.24146
-1.21064
-1.17554
-1.10625
186.066
-1.22437
-1.2423
-1.09555
-1.30428
-1.05365
-5.88941
-1.1617
27.8707
-1.54606
-8.36487
-6.83919
-1.71415
187.114
-1.46749
33.3764
-1.51185
31.6687
-1.39489
-1.19362
-0.63996
-0.6655
-0.540528
-0.766332
-0.620257
-0.580419
-0.967511
-0.120633
-0.320344
-0.697088
0.0563424
-0.105907
-0.752288
-0.960714
24.8127
-1.06779
-0.671703
25.9514
-1.00038
-22.592
-1.48928
25.9875
146.97
-1.18093
-0.653115
26.451
-7.18049
0.00882765
-0.729056
0.00695306
-0.0442329
31.8687
-0.54508
-0.874014
-0.359642
-0.320286
0.214305
-0.482949
-0.565265
-0.0641282
-0.788802
-0.494849
0.0381262
-0.432943
-0.508333
-1.06329
-1.14781
-0.774581
-1.46692
-1.5575
-1.05464
-2.06253
-5.58933
24.9173
106.834
108.157
-1.50225
8.53003
28.5429
-0.198576
-1.17301
-0.869371
25.9177
-4.02794
-0.631084
-0.299457
-0.334192
-0.416803
0.0956844
0.0396988
-0.468396
-0.98807
-0.780177
-1.33908
-0.692716
-0.57554
-1.37798
-1.21882
-0.748704
-1.12906
-1.02402
12.8458
2.19107
24.0065
-1.50159
21.457
-2.28834
21.913
23.0726
-5.59002
-4.68745
-2.76197
30.3243
25.4337
-1.19077
-4.34443
-0.817287
-1.2999
-1.01374
-0.691443
-0.709708
-0.734674
-0.898712
-0.152865
-0.853891
-0.511149
-0.590863
-0.469994
-3.70295
-0.525852
27.9297
-0.809933
-10.9321
-1.13064
-1.75264
-1.80242
-6.22803
-1.57634
28.124
-13.6253
25.0512
29.2258
29.5436
33.3021
-10.8198
-7.3964
-0.591809
-0.867527
-0.386637
-0.582184
-0.264016
-0.378821
-0.0505048
-0.470022
0.0215379
-0.920229
-0.596203
-0.622996
-0.818704
-0.883663
-1.30844
-0.784856
-0.785216
23.9182
-1.41784
-1.57338
-15.8717
-12.07
-1.64922
28.1434
-2.62121
-1.85646
-26.4986
-10.3179
-7.49624
-6.42973
-0.923899
-1.14682
-1.15656
-1.08507
-0.786879
-0.723001
-0.630801
-0.492013
-0.71778
-1.06623
-0.332507
-0.823248
-0.610289
-0.597199
-0.600175
-0.730558
-1.05552
-0.714745
-1.10401
-0.104748
-1.02693
-2.1449
-1.64434
-1.4463
-1.87657
-16.9794
-51.1225
-50.9199
23.3772
-23.2356
27.3785
33.6027
25.436
-0.827197
-0.453838
-1.04212
-0.985983
-0.502592
-0.389637
-0.419918
-0.3247
-0.215912
-0.619782
-0.20781
-0.757788
-0.579373
-0.851674
-0.554574
-1.14034
-1.18602
-1.03361
-1.20941
-1.1985
-0.735551
25.6419
18.8222
23.4016
-13.5121
25.4236
22.8816
-1.9494
-1.47694
-1.58621
-0.829408
-0.473371
-0.695228
-0.728575
0.0955415
-88.1457
-0.448161
-0.36257
0.0158043
-0.394183
0.230139
-0.0977307
-0.851287
-0.563153
-0.456301
-0.630168
-0.938426
-0.924676
-129.833
-0.79838
-1.13866
-1.0355
-0.822443
-6.26818
25.9459
4.74657
-1.74932
-1.58927
-3.47017
-128.892
-129.256
-1.28492
-0.905555
31.9673
-1.49304
-0.680732
-0.422147
-0.621433
-0.560959
-0.010458
-0.592921
-0.481928
-0.833727
-0.950085
-0.229964
-0.23647
-0.25651
-0.28858
-0.154835
-0.28648
-0.338612
-0.658166
-0.548432
-5.66605
29.919
-15.4722
6.97274
-0.871775
-1.03023
25.8945
-1.54254
-9.32282
-1.03715
-1.09339
26.9743
-0.379287
-0.894381
-0.309656
-0.3609
-0.508271
-0.248088
-0.567392
-0.511697
-0.0895089
-0.00101174
-0.151899
-0.231922
-0.190881
-0.448199
-0.469162
-0.742415
-0.772955
-0.409074
-0.51588
-1.17672
-0.804161
-1.24166
-0.960797
-1.18096
26.1898
-5.40812
-1.28022
-208.682
-0.519735
-0.944081
-0.679867
-0.71336
-0.967765
-0.87579
-0.711451
-0.462526
-207.345
-0.354192
-0.534098
-0.407056
-0.467878
-0.306786
-0.451202
-0.701864
-0.0938509
-0.368153
-0.287773
-0.379559
0.0279549
-0.570027
-0.308603
-0.545426
-0.472131
-0.381597
-0.621892
-0.927636
-1.31669
-0.959065
-250.338
-237.011
9.40825
-232.717
-19.0794
2.67296
-232.011
-223.871
3.70931
31.2885
17.371
14.9058
-226.9
-0.579869
5.94915
-226.92
-8.86265
-1.10167
-1.17493
-1.26697
-1.05517
-0.532351
-0.0487215
-0.217904
-0.243167
-0.0484557
-0.34409
0.019277
-0.27035
-0.0240161
0.0526532
-0.131206
-0.406009
0.198253
0.167551
0.0740161
0.0574733
0.187779
-0.289505
-0.402868
-0.0139967
-0.752585
-0.632719
-0.166249
-0.615827
-0.848354
-0.999474
-0.717444
-0.473634
26.2998
-0.883829
-20.2584
-0.861809
-1.14903
-6.52417
26.5726
-0.806289
-0.931955
26.4318
-1.26027
-1.20214
-1.37617
-0.269547
27.3219
-1.36954
-1.20917
-1.21176
-0.829058
-0.853893
-0.814923
0.096619
-0.423817
-0.123275
-0.0855831
-0.204293
0.263965
0.00343005
0.537047
-0.191903
-0.00953185
0.00192612
-1.01944
-0.335167
-0.300956
-0.533334
-1.09116
-0.576105
-0.479726
-0.581711
-0.446287
-1.23016
-0.85102
-0.848541
-0.942701
-1.12795
-1.15561
-1.15115
-1.54571
-1.19336
-1.39564
-29.2866
-329.549
-1.79944
-2.05966
-1.34102
26.7176
-1.91912
27.8457
-1.65814
-1.33582
-1.49537
-1.63011
-328.042
-1.1956
-0.979101
-1.23956
-1.11316
-0.634302
-1.1004
-1.32467
-0.817266
-0.470162
-0.191262
-0.0839433
-0.235077
-0.249771
-0.516847
-0.4785
-0.200249
0.0105621
-0.329955
0.309597
-0.100867
-0.226371
0.024007
0.263648
-1.08532
-0.30974
-0.340938
-0.434085
-0.254887
-0.418283
-0.013866
-0.560719
-0.587716
-0.798641
-0.515002
-0.523832
-0.753761
-0.966719
-1.20018
-1.18957
-1.05181
-18.3724
-1.39906
-0.945179
-1.14499
-1.10506
-0.574245
-0.8965
28.0581
-0.986523
-1.00524
-0.151886
-0.733957
0.0165415
-0.504072
-0.00710053
0.0210621
-0.0280199
0.285174
-0.304922
-0.195019
0.296326
0.298123
-0.127059
-0.182216
0.103466
0.072612
-0.221092
-0.442433
-0.104256
-0.00523152
-0.274116
-0.469665
-0.3834
0.0482601
0.0238181
-0.308722
-0.453223
-0.0549131
-0.571686
-0.290738
-0.389024
0.0463736
-0.137264
-0.4713
-1.56219
-1.07073
-0.435234
-0.6858
-0.392401
-0.583664
-0.515288
-0.3317
-0.593854
-0.136688
-0.173945
-0.083001
-0.539475
25.4892
-0.176786
-0.356202
0.248959
-0.341494
-405.816
-0.174307
0.0133208
0.296407
-0.216785
0.0433982
0.0200983
0.00664706
0.238738
0.0463184
-0.669166
0.102252
0.067561
-0.0667558
-0.108067
-0.105554
-0.453878
-0.258985
-0.101878
-0.572069
0.45758
-0.658653
0.0534501
-0.755261
-0.605179
-0.658026
0.275836
-0.264905
-0.0824808
-0.338633
-0.511717
-0.734601
-0.297138
-0.74206
0.0244855
0.155325
-0.0935414
-0.602665
-0.452663
-0.790822
-0.25229
-0.357049
-0.161212
-0.684575
-0.530664
-0.235784
-0.78262
0.216295
0.170508
-0.541677
-0.491681
-0.451483
0.392514
-0.391651
-0.675833
-0.345929
0.143705
0.00180505
0.338499
-0.209265
0.310253
0.0262696
-0.10087
0.107642
-0.45155
0.0771659
-0.517228
0.0127081
0.119958
-0.395112
-25.8063
-0.490521
-0.543618
0.0113898
-0.695823
-0.170453
-0.427096
-0.188769
-0.576477
-0.26091
0.301195
0.331861
-0.000601188
-1.04397
-0.155325
0.136457
-0.251878
0.285114
-0.0330734
-0.0224686
0.0132547
-0.388142
-0.924749
-0.622032
-0.939007
-0.125548
-0.260972
0.077715
0.170613
0.272802
33.031
0.226572
0.3087
0.652583
0.67136
-0.558335
0.0917526
-0.202775
0.0711192
-0.145776
-0.136492
-0.0974305
-0.0785188
-0.280456
-0.30029
-0.806394
-0.362653
0.53456
-0.028623
-0.308437
0.00308307
-0.745337
0.00170434
-0.135778
-0.791745
-0.650391
0.265361
-0.355468
-0.173298
-0.363307
-0.741097
-0.489011
-0.745083
-0.258088
-0.226959
0.252975
-0.431691
-0.181988
0.362254
-0.352841
-0.0135385
-0.440534
-0.760095
-0.47653
-0.376725
0.274094
-0.358985
0.311469
-0.296362
0.128909
0.214039
0.74856
-0.0925256
-0.347358
0.810439
-0.155402
-0.115623
-0.0608086
0.0492057
-0.0183255
-0.422938
-0.0158325
-0.519454
-0.281687
-0.223175
0.446459
-0.364266
0.11005
0.254218
-0.768352
-0.126333
0.244756
0.204592
-0.301684
-0.260237
-0.0466138
-0.387621
-0.40132
-0.377089
-0.329575
0.56536
31.4283
-0.55734
-0.557689
-0.229917
0.0288335
0.855202
0.288485
-0.462004
-0.3132
0.583399
-0.593891
-0.1624
-0.039903
-0.452013
0.214561
-0.176655
-0.0981164
-0.0182094
0.0752885
0.038876
0.269106
-0.603391
0.0646447
0.049693
-0.857095
0.421951
20.526
-0.0447839
0.0237705
0.981903
0.34123
0.355326
0.893061
0.711523
0.414565
-0.120304
-0.19534
-0.17979
0.185052
-0.242786
0.299296
0.145176
0.0246959
0.0449361
-0.00162366
-0.339245
0.742414
-0.399401
0.102686
0.646231
-0.291034
-0.406683
0.637458
0.208844
-0.0358031
-0.015624
0.00590066
0.5227
-603.374
-0.835927
-0.178185
0.530053
0.736586
0.62062
0.0486125
0.0463239
0.671856
0.142853
0.501482
-0.020524
0.343743
-0.0336497
-0.0929809
0.483148
0.167341
0.292857
0.429133
0.103395
0.551125
-0.038279
29.8022
0.550091
-0.223971
-0.206903
0.585366
-0.048993
-18.55
-0.04992
-0.392306
-0.0764648
0.211128
0.0947031
-0.061609
-0.363865
-0.0740641
0.704777
-0.457312
-0.624308
-0.192777
0.071921
-0.00812576
0.664662
-0.135856
0.0212957
0.585515
-0.530857
0.440724
-1.02886
-0.260131
0.189406
0.240493
0.698824
0.242458
-0.12021
-0.887602
-0.0720514
0.103315
0.148569
0.409556
0.393862
0.789423
0.123551
0.733758
0.370681
0.230456
0.420505
1.18594
0.424191
0.745719
0.955939
-0.387789
0.554474
0.886885
0.14998
0.448841
0.923251
1.00776
0.675747
1.06629
1.22439
0.156089
0.166287
1.08376
0.556304
0.180432
0.349628
0.995915
1.19247
0.672898
1.25715
-0.720039
0.111401
1.16568
0.502976
0.631302
0.565276
0.810413
0.0890464
0.353445
0.380224
0.150105
0.289987
1.04446
0.453574
0.922198
