0 -0.100648 -0.199217 -0.294681 -0.386031 -0.472295 -0.552538 -0.625878 -0.691494 -0.748632 -0.796615 -0.834849 -0.86283 -0.880148 -0.886491 -0.881651 -0.865522 -0.838104 -0.799503 -0.749927 -0.689688 -0.619196 -0.538955 -0.449559 -0.351685 -0.246086 -0.133585 -0.0150635 0.108545 0.236267 0.367094 0.5 
0.000520291 -0.0903854 -0.179312 -0.265332 -0.347535 -0.425041 -0.497005 -0.562632 -0.621177 -0.671961 -0.714372 -0.747872 -0.772006 -0.786403 -0.790783 -0.784956 -0.768827 -0.742396 -0.705758 -0.659103 -0.60271 -0.536952 -0.462284 -0.379242 -0.288438 -0.190554 -0.0863308 0.0234327 0.137894 0.256172 0.377357 0.50052 
0.00208117 -0.0800203 -0.160233 -0.237719 -0.311655 -0.381246 -0.445729 -0.504385 -0.556541 -0.601583 -0.638957 -0.668179 -0.688837 -0.700595 -0.7032 -0.696481 -0.680352 -0.654813 -0.61995 -0.575933 -0.523018 -0.461538 -0.391905 -0.314606 -0.230191 -0.139278 -0.0425364 0.0593126 0.165507 0.275251 0.387722 0.502081 
0.00468262 -0.0694624 -0.141801 -0.211574 -0.27804 -0.340478 -0.398201 -0.450556 -0.496938 -0.536791 -0.569614 -0.59497 -0.612486 -0.621859 -0.622861 -0.615336 -0.599207 -0.574473 -0.541214 -0.499582 -0.449808 -0.392195 -0.327113 -0.255003 -0.176363 -0.0917489 -0.00176831 0.0929282 0.191652 0.293683 0.398279 0.504683 
0.00832466 -0.0586302 -0.123852 -0.186656 -0.24637 -0.302345 -0.353957 -0.40062 -0.441784 -0.476947 -0.505657 -0.527519 -0.542196 -0.549414 -0.548966 -0.540713 -0.524584 -0.500579 -0.468769 -0.429292 -0.382358 -0.328238 -0.267269 -0.199848 -0.126426 -0.0475058 0.0363651 0.124598 0.21657 0.311632 0.409112 0.508325 
0.0130073 -0.0474497 -0.10624 -0.162746 -0.216359 -0.266492 -0.312583 -0.354101 -0.390549 -0.421474 -0.446468 -0.465172 -0.477283 -0.482554 -0.480796 -0.471885 -0.455756 -0.432409 -0.401908 -0.36438 -0.320011 -0.269048 -0.211797 -0.148614 -0.0799073 -0.0061317 0.0722177 0.154609 0.24048 0.329243 0.420292 0.513007 
0.0187305 -0.0358544 -0.0888332 -0.139646 -0.187746 -0.2326 -0.273702 -0.31057 -0.342757 -0.369852 -0.391487 -0.407337 -0.41713 -0.42064 -0.417699 -0.408193 -0.392064 -0.369312 -0.339995 -0.304227 -0.262176 -0.214067 -0.160174 -0.100821 -0.0363764 0.0327497 0.106109 0.183222 0.263579 0.346651 0.431888 0.51873 
0.0254943 -0.0237839 -0.0715105 -0.11718 -0.160296 -0.200381 -0.236973 -0.269639 -0.297975 -0.321609 -0.340208 -0.35348 -0.361177 -0.363097 -0.359086 -0.349042 -0.332913 -0.310699 -0.282452 -0.248274 -0.208319 -0.162789 -0.111931 -0.0560392 0.0045545 0.0694788 0.138329 0.210671 0.286046 0.363973 0.443958 0.525494 
0.0332986 -0.0111839 -0.054164 -0.0951847 -0.133798 -0.169571 -0.202089 -0.230958 -0.255813 -0.276319 -0.292175 -0.303117 -0.308921 -0.309403 -0.304426 -0.293896 -0.277767 -0.256038 -0.228758 -0.196017 -0.157956 -0.114756 -0.0666418 -0.0138775 0.0432359 0.104363 0.169138 0.237169 0.308041 0.38132 0.456558 0.533299 
0.0421436 0.00199499 -0.0366957 -0.0735155 -0.10806 -0.139937 -0.168771 -0.194209 -0.215919 -0.233599 -0.246976 -0.255812 -0.259904 -0.259087 -0.253236 -0.242267 -0.226138 -0.204849 -0.178442 -0.147001 -0.110651 -0.0695565 -0.0239213 0.0260165 0.0799846 0.13768 0.198773 0.262908 0.32971 0.398788 0.469737 0.542144 
0.0520291 0.0157971 -0.0190172 -0.0520406 -0.0829074 -0.111264 -0.13677 -0.159107 -0.177974 -0.1931 -0.204236 -0.211169 -0.213715 -0.211724 -0.205084 -0.193718 -0.177589 -0.156697 -0.131079 -0.100811 -0.0660079 -0.0268171 0.0165779 0.0639612 0.115087 0.169681 0.227446 0.28806 0.351185 0.416467 0.483539 0.552029 
0.0629553 0.0302627 -0.00104855 -0.0306411 -0.0581845 -0.0833589 -0.105858 -0.125392 -0.141691 -0.154508 -0.16362 -0.168833 -0.169981 -0.166929 -0.159575 -0.147851 -0.131722 -0.111188 -0.0862837 -0.0570774 -0.0236715 0.0137994 0.0551698 0.100245 0.148802 0.200594 0.255351 0.312783 0.372585 0.434435 0.498005 0.562955 
0.074922 0.045428 0.0172826 -0.00920941 -0.0337495 -0.0560484 -0.0758294 -0.0928306 -0.106808 -0.117539 -0.124822 -0.12848 -0.128365 -0.124354 -0.116356 -0.104308 -0.0881791 -0.0679691 -0.0437093 -0.0154618 0.0166811 0.0525977 0.0921385 0.135127 0.181363 0.230622 0.282661 0.337218 0.394016 0.452766 0.51317 0.574922 
0.0879292 0.0613259 0.0360415 0.0123515 -0.00947439 -0.0291748 -0.0464994 -0.0612119 -0.0730918 -0.0819371 -0.0875664 -0.0898203 -0.0885637 -0.0836867 -0.0751057 -0.0627649 -0.0466358 -0.0267187 -0.0030415 0.0243395 0.055341 0.089853 0.12774 0.168844 0.212982 0.259952 0.309535 0.361493 0.415577 0.471525 0.529068 0.587929 
0.101977 0.0779861 0.0552872 0.0341294 0.0147563 -0.00259566 -0.0177005 -0.0303446 -0.0403287 -0.0474702 -0.0516052 -0.0525897 -0.0503016 -0.0446415 -0.0355341 -0.0229286 -0.00679958 0.012853 0.0360036 0.0626016 0.0925716 0.125814 0.162207 0.201607 0.243849 0.288751 0.336114 0.385724 0.437355 0.490771 0.545728 0.601977 
0.117066 0.0954354 0.075073 0.0562036 0.0390473 0.0238175 0.0107187 -5.61134e-05 -0.00832689 -0.0139287 -0.0167133 -0.0165507 -0.0133304 -0.00696263 0.00262065 0.0154653 0.0315943 0.0510077 0.0736825 0.0995729 0.128611 0.160706 0.195749 0.233609 0.274137 0.31717 0.362527 0.410015 0.459429 0.510557 0.563177 0.617066 
0.133195 0.113698 0.0954472 0.0786458 0.0634927 0.0501809 0.038895 0.0298095 0.0230871 0.0188768 0.0173126 0.0185119 0.0225747 0.0295819 0.0395952 0.052656 0.068785 0.0879823 0.110227 0.135478 0.163673 0.194732 0.228554 0.265023 0.304003 0.345347 0.388891 0.43446 0.481872 0.530931 0.58144 0.633195 
0.150364 0.132796 0.116453 0.101521 0.0881782 0.0765996 0.0669521 0.0593933 0.0540701 0.0511173 0.050656 0.0527923 0.0576163 0.0652015 0.0756035 0.0888595 0.104989 0.123991 0.145847 0.17052 0.197954 0.228075 0.260795 0.296006 0.333587 0.373404 0.415309 0.459146 0.504747 0.551937 0.600538 0.650364 
0.168574 0.152748 0.138131 0.124887 0.113181 0.103169 0.0950016 0.0888225 0.0847639 0.0829476 0.083483 0.086466 0.0919781 0.100086 0.110839 0.124271 0.1404 0.159226 0.180731 0.204881 0.231627 0.260902 0.292625 0.326699 0.363016 0.401453 0.441878 0.484148 0.528113 0.573614 0.62049 0.668574 
0.187825 0.173574 0.160515 0.148798 0.13857 0.129973 0.123145 0.118212 0.115297 0.114507 0.115943 0.119692 0.125826 0.134405 0.145476 0.159068 0.175197 0.193863 0.21505 0.238729 0.264853 0.293363 0.324185 0.357232 0.392406 0.429596 0.468683 0.509538 0.552024 0.595999 0.641316 0.687825 
0.208117 0.195288 0.183638 0.1733 0.164409 0.157092 0.151472 0.147667 0.145784 0.145923 0.148173 0.152613 0.159309 0.168315 0.179672 0.193409 0.209538 0.228059 0.24896 0.272212 0.297774 0.325592 0.3556 0.387719 0.42186 0.457924 0.495801 0.535376 0.576526 0.619122 0.66303 0.708117 
0.229448 0.217907 0.207529 0.198438 0.190754 0.184594 0.180067 0.17728 0.176331 0.177308 0.180294 0.185359 0.192563 0.201955 0.213571 0.227438 0.243567 0.261958 0.2826 0.305466 0.33052 0.357714 0.386986 0.418266 0.451474 0.486519 0.523303 0.561722 0.601664 0.643013 0.685648 0.729448 
0.251821 0.241442 0.232214 0.22425 0.217658 0.212542 0.209003 0.207137 0.207031 0.208767 0.212418 0.218047 0.22571 0.23545 0.247301 0.261286 0.277415 0.295688 0.316095 0.338613 0.363209 0.389837 0.418444 0.448966 0.48133 0.515455 0.551252 0.588626 0.627476 0.667698 0.709183 0.751821 
0.275234 0.265905 0.257718 0.250772 0.245166 0.240995 0.238349 0.237314 0.237971 0.240392 0.244644 0.250784 0.258861 0.268916 0.280979 0.29507 0.311199 0.329366 0.349562 0.371765 0.395945 0.422063 0.450069 0.479906 0.511508 0.544801 0.579705 0.616134 0.653998 0.693202 0.733647 0.775234 
0.299688 0.291308 0.284061 0.278036 0.273321 0.270003 0.268164 0.267881 0.269227 0.272267 0.277062 0.283664 0.292116 0.302456 0.31471 0.328897 0.345026 0.363097 0.383101 0.40502 0.428825 0.454482 0.481945 0.511162 0.542075 0.574616 0.608713 0.644289 0.681262 0.719545 0.75905 0.799688 
0.325182 0.317661 0.311263 0.306069 0.302161 0.299614 0.298505 0.298901 0.30087 0.30447 0.309756 0.316774 0.325566 0.336162 0.348589 0.362863 0.378992 0.396977 0.416808 0.438469 0.461935 0.487175 0.514147 0.542805 0.573095 0.604956 0.638324 0.673129 0.709295 0.746747 0.785403 0.825182 
0.351717 0.344971 0.339341 0.3349 0.331719 0.32987 0.329419 0.33043 0.332962 0.337068 0.342797 0.350193 0.35929 0.37012 0.382703 0.397056 0.413185 0.43109 0.450765 0.472194 0.495354 0.520217 0.546745 0.574897 0.604624 0.635871 0.66858 0.702687 0.738125 0.774825 0.812713 0.851717 
0.379292 0.373248 0.368312 0.36455 0.362028 0.360809 0.360954 0.36252 0.36556 0.370123 0.376254 0.38399 0.393365 0.404404 0.417129 0.431552 0.447681 0.465516 0.485049 0.506268 0.529151 0.553673 0.579801 0.607495 0.636713 0.667406 0.699519 0.732995 0.767775 0.803795 0.84099 0.879292 
0.407908 0.402498 0.398189 0.395041 0.393114 0.392465 0.393149 0.395216 0.398716 0.403693 0.410186 0.41823 0.427855 0.439085 0.451937 0.466425 0.482554 0.500324 0.51973 0.540758 0.563392 0.587606 0.613371 0.640652 0.66941 0.6996 0.731175 0.764082 0.798267 0.833672 0.87024 0.907908 
0.437565 0.432727 0.428985 0.426393 0.425004 0.42487 0.42604 0.428562 0.432477 0.437828 0.444649 0.452971 0.462822 0.474223 0.487191 0.501737 0.517866 0.535578 0.554868 0.575725 0.598132 0.622068 0.647505 0.674413 0.702755 0.732492 0.76358 0.795972 0.829619 0.864469 0.900469 0.937565 
0.468262 0.463942 0.460713 0.458623 0.45772 0.458052 0.459662 0.462593 0.466885 0.472573 0.47969 0.488264 0.49832 0.509876 0.522949 0.537547 0.553676 0.571336 0.590522 0.611223 0.633426 0.65711 0.682251 0.708821 0.736787 0.766114 0.796761 0.828688 0.861848 0.896197 0.931684 0.968262 
0.5 0.496148 0.493382 0.491746 0.491283 0.492035 0.494044 0.497346 0.501978 0.507971 0.515356 0.524158 0.534398 0.546095 0.559262 0.573907 0.590036 0.607649 0.62674 0.647301 0.669319 0.692775 0.717649 0.743913 0.771539 0.800495 0.830745 0.862251 0.894972 0.928866 0.96389 1 
